5339,4
5339,3
5339,2
5339,1
5339,0
5338,4
5338,3
5338,2
5338,1
5338,0
5337,3
5337,2
5337,1
5337,0
5336,4
5336,3
5336,2
5336,1
5336,0
5335,5
5335,4
5335,3
5335,2
5335,1
5335,0
5334,3
5334,2
5334,1
5334,0
5333,5
5333,4
5333,3
5333,2
5333,1
5333,0
5332,6
5332,5
5332,4
5332,3
5332,2
5332,1
5332,0
5331,5
5331,4
5331,3
5331,2
5331,1
5331,0
5330,4
5330,3
5330,2
5330,1
5330,0
5329,4
5329,3
5329,2
5329,1
5329,0
5328,4
5328,3
5328,2
5328,1
5328,0
5327,6
5327,4
5327,3
5327,2
5327,1
5327,0
5326,4
5326,3
5326,2
5326,1
5326,0
5325,3
5325,2
5325,1
5325,0
7,3
5,3
5,2
5,0
4,3
3,2
2,2
1,2
0,9
0,2
1,45
3,44
2,44
1,44
3,43
2,43
1,43
3,42
2,42
1,42
3,41
2,41
1,41
3,40
2,40
1,40
3,39
2,39
1,39
3,38
2,38
1,38
3,37
2,37
1,37
3,36
2,36
1,36
3,35
2,35
1,35
3,34
2,34
1,34
3,33
2,33
1,33
3,32
2,32
1,32
3,31
2,31
1,31
3,30
2,30
1,30
3,29
2,29
1,29
3,28
2,28
1,28
3,27
2,27
1,27
3,26
2,26
1,26
3,25
2,25
1,25
3,24
2,24
1,24
3,23
2,23
1,23
3,22
2,22
1,22
3,21
2,21
1,21
3,20
2,20
1,20
3,19
2,19
1,19
3,18
2,18
1,18
3,17
2,17
1,17
3,16
2,16
1,16
3,15
2,15
1,15
3,14
2,14
1,14
3,13
2,13
1,13
3,12
2,12
1,12
3,11
2,11
1,11
3,10
2,10
1,10
3,9
2,9
1,9
3,8
2,8
1,8
3,7
2,7
1,7
3,6
2,6
1,6
3,5
2,5
1,5
3,4
2,4
1,4
3,3
3,0
2,3
2,0
1,3
1,0
0,6
0,0
0,47
0,46
0,49
0,48
0,45
0,12
0,10
0,8
0,11
0,5
0,7
0,4
0,3
